1.026777187	-3.279030047	-0.883643654	2
1.62867253	-3.215969848	-3.151888504	2
0.923109563	0.185697976	-3.081089332	2
1.210611544	0.291461725	-2.449536648	2
2.544332546	1.333559713	2.078646621	0
-0.505070549	1.875051005	3.537702646	2
2.568030143	1.993094705	1.384366034	0
1.145913827	-3.007590023	-1.695142201	2
-2.642699837	2.61942917	1.057048079	1
2.967126057	0.940226169	2.333581582	0
1.241283937	1.923449198	1.571322775	0
-0.440388373	1.470366277	3.067792994	1
3.222067343	2.810043478	3.331670469	0
2.378011538	1.866489176	2.02562734	0
2.401919166	-2.380048471	-2.996956943	2
2.649837802	-3.573182943	-1.532058083	2
1.641111523	-3.034926314	-0.342372116	2
3.312124292	2.788080713	2.179584585	0
3.327532488	-2.92387193	-2.645521793	2
2.956634622	1.667678666	1.862774551	0
-0.953621442	1.647063687	2.118886432	1
-1.530916051	1.984400213	1.7537022	1
1.359711079	-2.253715535	-1.901887829	2
-0.848653701	0.817315839	1.885271015	1
-2.166916561	1.811701776	1.063153157	1
2.156764655	-1.391735204	-0.260996347	2
-2.595402776	3.311695773	2.503186315	1
-1.880743837	2.230180171	2.110485973	2
-2.422740289	4.105229117	3.208465176	1
-1.239066802	1.68879599	2.330462956	2
2.236195322	3.392197963	2.711285959	1
-1.865499296	2.396367854	2.266636338	1
-0.472711723	1.216764876	3.076980567	1
1.790417784	3.184936762	2.329975808	0
4.680440588	2.321858382	3.869093689	0
2.546761691	-2.937642514	-0.397133857	2
2.059425489	3.152633403	2.512256305	0
2.755668737	2.574910175	2.771979167	0
3.314025019	2.047210961	3.388736615	0
2.354642844	2.538054868	2.06259985	0
1.31773129	1.61148625	1.382233618	0
1.567751064	-0.753774968	-1.553632304	1
0.435038789	-0.244843595	1.986275068	1
2.6264682	-1.952175495	-1.549926113	2
-1.751575285	1.937830328	2.239926253	1
2.071222274	4.036278649	3.066076422	0
-2.451025863	3.153633221	2.884854776	1
-1.905159726	1.661945107	0.999384532	1
1.049721508	2.334293068	1.498019329	0
2.442044463	2.170350642	2.111848004	0
-0.493087171	0.586878678	2.173877325	1
1.206074853	2.056466791	1.643210174	0
-2.712837222	3.229220603	2.026516665	1
3.313286535	-4.940381301	-1.667943899	2
2.703133577	2.358018737	2.842690926	0
-0.970270932	1.611345743	2.380722117	1
2.109175299	2.156791932	1.908021562	0
-1.895105984	2.985058935	2.5014282	1
3.216632889	3.095800641	3.159530493	0
1.963655052	-1.850887205	-1.391349527	2
-1.368430603	1.907229028	2.795382546	1
-2.18117596	2.320706499	1.611034317	0
-2.080842874	2.117990759	1.359506236	1
2.003777624	1.419806095	1.596310747	1
2.807638925	-2.955687242	-0.792749147	2
2.402125803	-1.488916437	-1.235831724	2
-1.043165616	2.21531593	3.179966813	1
2.47213869	-2.280713173	-1.520690979	2
3.337009259	1.922510986	3.358347688	0
-1.705792504	2.085825956	1.907608883	1
1.875730899	-3.084098509	-1.580053995	2
2.216932395	-1.34983227	-1.72686199	2
2.647944403	-2.463312243	-1.398754626	2
-0.552459249	0.362881583	3.034340831	0
3.195659712	-2.374258862	-1.155505013	2
3.372440109	-3.382944863	-1.788378768	2
2.475420366	-2.115728658	-1.322990958	2
4.164885641	3.144924856	2.870168614	0
1.332855549	1.886045982	1.593446482	0
1.725881943	-2.975071432	-1.933716314	2
2.509963113	0.271600393	2.641720491	1
-1.418636978	1.986631128	2.068231278	1
-1.493640933	2.126250244	2.921802938	1
3.446547504	-2.207343571	-0.078094521	2
-1.84588096	2.277818879	2.461125254	1
2.324591433	-2.811613812	-1.862856376	2
-1.993191522	2.417398555	1.596729383	1
2.494530814	3.746201182	3.065885018	0
-3.687673518	2.983932428	2.046969378	1
-0.881789427	1.75163259	2.783774128	1
1.273900923	3.194223921	1.588173197	2
-2.326481887	2.879855643	1.918376196	1
0.000186137	1.405577335	0.451571874	0
1.708787499	-0.749964868	0.254498934	2
1.664034377	2.577605957	1.471001455	0
2.428942144	-2.031466714	-0.03588727	2
0.516294256	2.205905652	1.793809926	0
-0.212366592	-0.249615677	-0.578701058	2
1.332889756	1.071312782	1.394183437	0
1.556650742	-2.433995499	-2.34415941	2